image_width: 640
image_height: 480
camera_name: head_camera
camera_matrix:
  rows: 3
  cols: 3
  data: [542.7344324504459, 0, 213.177064464335, 0, 546.7053821522052, 291.639189419865, 0, 0, 1]
distortion_model: plumb_bob
distortion_coefficients:
  rows: 1
  cols: 5
  data: [-0.3578261097481073, 0.08139477707371656, -0.001163935304016184, 0.005514509422821476, 0]
rectification_matrix:
  rows: 3
  cols: 3
  data: [1, 0, 0, 0, 1, 0, 0, 0, 1]
projection_matrix:
  rows: 3
  cols: 4
  data: [413.8856201171875, 0, 174.4477182105838, 0, 0, 495.6461791992188, 299.8167295403618, 0, 0, 0, 1, 0]